Game AB Hit Walk HBP SacFly
  1   4  2   0    0   0
  2   3  0   1    0   0
  3   3  1   1    0   0
  4   3  2   1    0   0
  5   3  1   1    0   0
  6   4  0   0    0   0
  7   4  0   0    0   0
  8   5  3   0    0   0
  9   4  1   0    0   0
 10   4  1   0    0   0
 11   4  0   1    0   0
 12   4  2   0    0   1
 13   4  1   0    0   0
 14   3  0   1    0   0
 15   6  2   0    0   0
 16   4  1   0    0   0
 17   5  2   0    0   0
 18   4  1   0    0   0
 19   4  1   1    0   0
 20   4  1   1    0   0