Game AB Hit Walk HBP SacFly
  1   4  2   1    0   0
  2   4  2   1    0   0
  3   4  1   0    0   0
  4   2  0   2    0   0
  5   4  0   0    0   0
  6   3  0   1    0   0
  7   4  1   0    0   0
  8   3  2   0    0   0
  9   5  1   0    0   0
 10   4  2   1    0   0
 11   4  1   0    0   0
 12   3  0   0    0   0
 13   4  1   0    0   0
 14   3  0   0    0   0
 15   3  0   1    0   0
 16   4  0   0    0   0
 17   5  3   1    0   0
 18   4  2   0    0   0
 19   5  1   0    0   0
 20   3  1   1    0   0