Game AB Hit Walk HBP SacFly
  1   4  1   0    0   0
  2   4  1   0    0   0
  3   5  1   0    0   0
  4   4  0   0    0   0
  5   4  2   0    0   0
  6   4  1   0    0   0
  7   3  3   1    0   1
  8   2  0   1    0   0
  9   1  0   0    0   0
 10   4  1   0    0   0
 11   3  2   1    0   0
 12   3  1   1    0   0
 13   5  1   0    0   0
 14   2  2   2    0   0
 15   4  0   0    0   0
 16   4  1   0    0   0
 17   5  1   0    0   0
 18   4  2   0    0   0
 19   4  0   0    0   0
 20   5  1   0    0   0