Game AB Hit Walk HBP SacFly
  1   4  1   0    0   0
  2   4  3   0    0   0
  3   5  1   0    0   0
  4   4  1   1    0   0
  5   4  1   0    0   0
  6   5  1   0    0   0
  7   3  2   1    0   0
  8   2  2   1    1   0
  9   1  0   0    0   0
 10   4  0   0    0   0
 11   4  1   0    0   0
 12   4  1   0    0   0
 13   1  0   0    0   0
 14   3  3   0    0   1
 15   4  1   0    0   0
 16   5  1   0    0   0
 17   3  1   0    0   0
 18   4  2   0    0   1
 19   4  1   0    0   0
 20   4  2   0    0   0