Game AB Hit Walk HBP SacFly
  1   4  2   0    0   0
  2   3  0   0    1   0
  3   3  2   1    0   0
  4   4  2   1    0   0
  5   5  1   0    0   0
  6   4  0   0    0   0
  7   4  1   1    0   0
  8   4  1   0    0   0
  9   4  0   0    0   0
 10   5  2   1    0   0
 11   6  2   0    0   0
 12   4  3   0    0   0
 13   4  0   0    0   0
 14   6  3   0    0   0
 15   5  2   1    0   0
 16   3  2   1    0   0
 17   4  0   0    0   0
 18   3  0   1    0   0
 19   5  2   0    0   0
 20   5  1   0    0   0